[1:100]

[48:-2:1]

A = [1 2 3
    4 5 6
    3 2 1]

A = [1 2 3
    4 5 6
    3 2 1];
A(:,1)+A(:,2)

A = [1 2 3
    4 5 6
    3 2 1];
A = A+3

A = [1 2 3
    4 5 6
    3 2 1];
A = A(2,:)+3

x = [5 7 11 13 17]
y = [1 2 3 5 7]

x.*y

x.^y

x./y

A = [0:99];
B = [1:100];
format rat
A./B